105
9.600000000000000000e+01
2.620000000000000000e+02
4.180000000000000000e+02
5.810000000000000000e+02
7.880000000000000000e+02
9.890000000000000000e+02
1.224000000000000000e+03
1.341000000000000000e+03
1.612000000000000000e+03
1.720000000000000000e+03
2.014000000000000000e+03
2.088000000000000000e+03
2.319000000000000000e+03
2.533000000000000000e+03
2.694000000000000000e+03
2.916000000000000000e+03
3.071000000000000000e+03
3.254000000000000000e+03
3.460000000000000000e+03
3.617000000000000000e+03
3.855000000000000000e+03
4.007000000000000000e+03
4.189000000000000000e+03
4.374000000000000000e+03
4.590000000000000000e+03
4.789000000000000000e+03
4.996000000000000000e+03
5.238000000000000000e+03
5.341000000000000000e+03
5.510000000000000000e+03
5.685000000000000000e+03
5.876000000000000000e+03
6.136000000000000000e+03
6.253000000000000000e+03
6.450000000000000000e+03
6.637000000000000000e+03
6.805000000000000000e+03
7.032000000000000000e+03
7.254000000000000000e+03
7.458000000000000000e+03
7.659000000000000000e+03
7.752000000000000000e+03
8.001000000000000000e+03
8.229000000000000000e+03
8.339000000000000000e+03
8.606000000000000000e+03
8.737000000000000000e+03
8.966000000000000000e+03
9.141000000000000000e+03
9.289000000000000000e+03
9.452000000000000000e+03
9.736000000000000000e+03
9.902000000000000000e+03
1.001700000000000000e+04
1.024800000000000000e+04
1.047900000000000000e+04
1.066200000000000000e+04
1.080300000000000000e+04
1.101500000000000000e+04
1.117600000000000000e+04
1.134400000000000000e+04
1.160600000000000000e+04
1.177000000000000000e+04
1.196200000000000000e+04
1.210900000000000000e+04
1.232200000000000000e+04
1.261200000000000000e+04
1.273400000000000000e+04
1.291700000000000000e+04
1.312100000000000000e+04
1.333300000000000000e+04
1.345300000000000000e+04
1.362000000000000000e+04
1.389200000000000000e+04
1.392900000000000000e+04
1.403200000000000000e+04
1.426400000000000000e+04
1.448500000000000000e+04
1.457300000000000000e+04
1.474800000000000000e+04
1.493600000000000000e+04
1.519000000000000000e+04
1.534400000000000000e+04
1.553100000000000000e+04
1.574800000000000000e+04
1.596700000000000000e+04
1.629900000000000000e+04
1.650300000000000000e+04
1.668800000000000000e+04
1.690700000000000000e+04
1.701700000000000000e+04
1.726100000000000000e+04
1.739900000000000000e+04
1.763400000000000000e+04
1.802200000000000000e+04
1.830800000000000000e+04
1.838300000000000000e+04
1.853000000000000000e+04
1.881600000000000000e+04
1.892100000000000000e+04
1.918100000000000000e+04
1.935700000000000000e+04
1.950300000000000000e+04
1.971500000000000000e+04
1.991300000000000000e+04
