106
1.415227409000000023e+02 7.954161513999999897e+02
9.286102714999999819e+01 5.690476486000000023e+02
5.196765959999999751e+01 5.575986830000000509e+02
1.136659104000000013e+02 3.509056059999999775e+02
1.308907823000000121e+02 7.340860136000000011e+02
1.220256621999999993e+02 6.421477734999999711e+02
2.025335114000000090e+02 8.179009045000000242e+02
1.116285986999999977e+02 4.396958008999999947e+02
8.860165426000000366e+01 7.115536865999999918e+02
9.601911406000000682e+01 4.732443109999999820e+02
6.708101396000000705e+01 3.795441500000000019e+02
8.158913234000000614e+01 3.217515017000000057e+02
2.679285208000000011e+02 8.691578564999999799e+02
9.328770532999999432e+02 3.762578417999999942e+02
6.271720255000000179e+02 1.498386185999999896e+02
1.197581011999999987e+02 2.932588106000000039e+02
5.924172923999999796e+01 4.630500397999999791e+02
1.107657633999999973e+02 5.284816636000000472e+02
3.053845714999999927e+02 9.035602136999999630e+02
7.934461088000000473e+02 1.928710892000000001e+02
2.688615441000000033e+02 7.859215544999999565e+02
1.733877354999999909e+02 3.459596544999999992e+02
2.210963902999999959e+02 1.505156609999999944e+02
7.145251621999999543e+02 4.773626628999999753e+02
2.034418800999999917e+02 3.293652324999999905e+02
1.476252349000000095e+02 6.692097578000000340e+02
5.831148510000000442e+02 6.750072905000000389e+01
9.487179849999999988e+02 4.681742954000000054e+02
7.339468041999999741e+02 3.290741689000000179e+02
3.864753878000000213e+02 9.298961084000000028e+02
4.035715144999999779e+02 1.841632931999999983e+02
1.950230488999999920e+02 7.546575867999999900e+02
7.006278860999999551e+02 1.924683884000000091e+02
4.941762688000000026e+02 3.090299322999999845e+02
5.831427055000000337e+02 9.292992284999999697e+01
2.051681882000000030e+02 2.924829197999999906e+02
6.237743900000000394e+02 3.697502274000000284e+02
4.722916154000000120e+02 1.247242404999999934e+02
5.177664776999999958e+02 1.440271978000000104e+02
2.604013254999999845e+02 5.577827647000000297e+02
3.938360215999999809e+02 2.130395254000000023e+02
2.774165383000000134e+02 4.621734935000000064e+02
4.004702345000000037e+02 3.142006162999999788e+02
9.290440638999999692e+02 5.873684219000000439e+02
8.878638345000000527e+02 3.066085191000000236e+02
7.494614837000000307e+02 2.679018234999999777e+02
6.953785044999999627e+02 1.206162238999999943e+02
2.936446204999999736e+02 8.563310747000000447e+02
1.818188510999999892e+02 2.240800171999999861e+02
4.912474996000000260e+02 8.209109723999999915e+02
3.739618178000000057e+02 8.746109645999999884e+02
4.278115783999999735e+02 7.984875874000000522e+02
3.595397193000000016e+02 6.820133654999999635e+02
6.001200976000000082e+02 8.552539594999999508e+02
5.171657605000000331e+02 2.121442408000000057e+02
6.417213749999999663e+02 7.026440622000000076e+02
7.120263764000000037e+02 7.184377732000000378e+02
4.726511651999999799e+02 8.941030644999999595e+02
4.111322228000000223e+02 9.329648095999999668e+01
1.487219977999999969e+02 5.698240329999999858e+02
4.066682508999999754e+02 6.116194328000000269e+01
8.920910732999999482e+02 4.634197328000000198e+02
2.413918021000000067e+02 1.275052337999999992e+02
5.181858826000000136e+02 5.231441250999999681e+01
6.909210127999999713e+02 8.110102957999999944e+02
3.352186120000000074e+02 1.648566293000000087e+02
8.091648284999999987e+02 6.970517634999999927e+02
5.082365975999999819e+02 9.602847970000000544e+01
8.506986583000000337e+02 2.134841533999999967e+02
5.817562529000000495e+02 9.269699749000000111e+02
6.529683135000000220e+02 6.014022205999999642e+02
8.419918179999999666e+02 5.821263741000000209e+02
6.583019252000000279e+02 4.494566558000000214e+02
3.791130820000000199e+02 4.383474266000000057e+02
9.245582041999999774e+02 6.723732916999999816e+02
7.910898535999999694e+02 2.471363138000000106e+02
8.681424663000000237e+02 6.613593991000000187e+02
6.506988983999999618e+02 2.436871285999999941e+02
2.642896800999999982e+02 6.711013149000000340e+02
2.066699538000000018e+02 4.528038497000000007e+02
3.375962536999999770e+02 8.770157842000000414e+01
7.952999413000000004e+02 7.600246330999999600e+02
7.531277830999999878e+02 5.948190577000000303e+02
3.084067474999999945e+02 2.351086568000000057e+02
8.603705843999999843e+02 3.769938114999999925e+02
3.905359844000000180e+02 9.702595688999999766e+02
8.193881548000000521e+02 3.793239325000000122e+02
9.069537613999999621e+02 7.335480899000000363e+02
4.544829874999999788e+02 2.453166190999999969e+02
5.371396150000000489e+02 9.109299753999999893e+02
4.869671023999999875e+02 7.019490825999999970e+02
3.096967496999999980e+02 3.220146781999999916e+02
3.745593524000000230e+02 5.829686907000000247e+02
5.048407480999999848e+02 4.910523400000000152e+02
8.985881874000000380e+02 5.525819211000000450e+02
6.810093769999999722e+02 9.171157296000000088e+02
5.530591325000000325e+02 9.820566834999999628e+02
4.509864312000000268e+02 5.939344035999999960e+02
5.916633306999999604e+02 8.156046586999999590e+02
8.299754742999999735e+02 4.681034928999999920e+02
7.286103299999999763e+02 9.133194055000000162e+02
6.975261461000000054e+02 8.690896676999999499e+02
5.073728858000000059e+02 9.732868465999999898e+02
8.406105148999999983e+02 8.326547547000000122e+02
7.603226077000000487e+02 8.488016331999999693e+02
8.652594625000000406e+02 7.588470804999999473e+02
