189
8.380000000000000000e+02 6.920000000000000000e+02
4.900000000000000000e+02 3.500000000000000000e+02
7.000000000000000000e+02 8.760000000000000000e+02
3.280000000000000000e+02 6.700000000000000000e+02
1.180000000000000000e+02 3.060000000000000000e+02
2.720000000000000000e+02 7.160000000000000000e+02
4.740000000000000000e+02 8.200000000000000000e+02
6.460000000000000000e+02 6.740000000000000000e+02
8.020000000000000000e+02 6.740000000000000000e+02
9.200000000000000000e+01 7.220000000000000000e+02
1.240000000000000000e+02 7.720000000000000000e+02
4.800000000000000000e+02 6.780000000000000000e+02
5.740000000000000000e+02 3.780000000000000000e+02
8.660000000000000000e+02 5.960000000000000000e+02
1.420000000000000000e+02 7.160000000000000000e+02
2.100000000000000000e+02 3.880000000000000000e+02
3.580000000000000000e+02 4.040000000000000000e+02
4.920000000000000000e+02 9.300000000000000000e+02
2.020000000000000000e+02 7.780000000000000000e+02
2.140000000000000000e+02 8.140000000000000000e+02
4.180000000000000000e+02 2.460000000000000000e+02
9.720000000000000000e+02 6.360000000000000000e+02
1.540000000000000000e+02 6.100000000000000000e+02
6.280000000000000000e+02 1.140000000000000000e+02
2.640000000000000000e+02 1.960000000000000000e+02
3.260000000000000000e+02 8.380000000000000000e+02
4.780000000000000000e+02 1.080000000000000000e+02
6.320000000000000000e+02 3.560000000000000000e+02
7.380000000000000000e+02 7.520000000000000000e+02
7.560000000000000000e+02 9.020000000000000000e+02
7.840000000000000000e+02 8.140000000000000000e+02
6.400000000000000000e+01 5.020000000000000000e+02
4.320000000000000000e+02 9.660000000000000000e+02
7.440000000000000000e+02 4.080000000000000000e+02
7.980000000000000000e+02 3.320000000000000000e+02
8.960000000000000000e+02 4.860000000000000000e+02
9.860000000000000000e+02 5.020000000000000000e+02
1.460000000000000000e+02 4.280000000000000000e+02
1.720000000000000000e+02 6.700000000000000000e+02
2.120000000000000000e+02 2.980000000000000000e+02
2.480000000000000000e+02 9.040000000000000000e+02
2.660000000000000000e+02 8.400000000000000000e+02
3.040000000000000000e+02 3.240000000000000000e+02
3.580000000000000000e+02 1.320000000000000000e+02
3.580000000000000000e+02 9.080000000000000000e+02
6.340000000000000000e+02 2.140000000000000000e+02
9.180000000000000000e+02 3.340000000000000000e+02
1.820000000000000000e+02 8.360000000000000000e+02
3.340000000000000000e+02 2.000000000000000000e+02
5.360000000000000000e+02 2.420000000000000000e+02
5.400000000000000000e+02 6.280000000000000000e+02
6.260000000000000000e+02 9.520000000000000000e+02
6.000000000000000000e+01 4.720000000000000000e+02
1.500000000000000000e+02 3.240000000000000000e+02
1.840000000000000000e+02 6.340000000000000000e+02
1.880000000000000000e+02 2.180000000000000000e+02
2.860000000000000000e+02 3.920000000000000000e+02
5.000000000000000000e+02 5.180000000000000000e+02
6.780000000000000000e+02 9.480000000000000000e+02
9.420000000000000000e+02 5.720000000000000000e+02
9.560000000000000000e+02 3.840000000000000000e+02
1.780000000000000000e+02 4.940000000000000000e+02
2.440000000000000000e+02 5.500000000000000000e+02
2.980000000000000000e+02 4.780000000000000000e+02
4.000000000000000000e+02 9.060000000000000000e+02
5.300000000000000000e+02 8.000000000000000000e+01
8.960000000000000000e+02 5.200000000000000000e+02
9.380000000000000000e+02 6.760000000000000000e+02
9.440000000000000000e+02 4.340000000000000000e+02
8.800000000000000000e+01 5.820000000000000000e+02
9.600000000000000000e+01 3.740000000000000000e+02
2.140000000000000000e+02 2.540000000000000000e+02
2.560000000000000000e+02 2.800000000000000000e+02
2.880000000000000000e+02 8.780000000000000000e+02
5.460000000000000000e+02 7.540000000000000000e+02
5.660000000000000000e+02 8.920000000000000000e+02
7.080000000000000000e+02 1.280000000000000000e+02
7.440000000000000000e+02 2.180000000000000000e+02
8.100000000000000000e+02 5.200000000000000000e+02
8.640000000000000000e+02 8.440000000000000000e+02
8.800000000000000000e+02 7.520000000000000000e+02
9.800000000000000000e+01 6.740000000000000000e+02
2.460000000000000000e+02 1.800000000000000000e+02
6.360000000000000000e+02 9.220000000000000000e+02
7.500000000000000000e+02 5.600000000000000000e+02
8.340000000000000000e+02 3.440000000000000000e+02
8.380000000000000000e+02 7.800000000000000000e+02
3.860000000000000000e+02 7.460000000000000000e+02
4.200000000000000000e+02 1.780000000000000000e+02
5.160000000000000000e+02 1.460000000000000000e+02
5.440000000000000000e+02 9.660000000000000000e+02
6.560000000000000000e+02 1.840000000000000000e+02
9.120000000000000000e+02 6.320000000000000000e+02
9.900000000000000000e+02 4.500000000000000000e+02
8.320000000000000000e+02 5.340000000000000000e+02
3.740000000000000000e+02 5.760000000000000000e+02
4.900000000000000000e+02 9.960000000000000000e+02
6.800000000000000000e+02 7.840000000000000000e+02
9.420000000000000000e+02 2.960000000000000000e+02
2.220000000000000000e+02 4.160000000000000000e+02
3.880000000000000000e+02 9.800000000000000000e+02
5.060000000000000000e+02 1.900000000000000000e+02
8.640000000000000000e+02 2.720000000000000000e+02
6.820000000000000000e+02 4.840000000000000000e+02
2.020000000000000000e+02 5.400000000000000000e+02
7.040000000000000000e+02 2.680000000000000000e+02
8.160000000000000000e+02 4.260000000000000000e+02
9.520000000000000000e+02 3.180000000000000000e+02
9.200000000000000000e+02 5.060000000000000000e+02
9.320000000000000000e+02 2.760000000000000000e+02
9.440000000000000000e+02 4.920000000000000000e+02
9.700000000000000000e+02 4.760000000000000000e+02
6.620000000000000000e+02 5.780000000000000000e+02
1.380000000000000000e+02 8.300000000000000000e+02
7.780000000000000000e+02 1.100000000000000000e+02
3.200000000000000000e+01 4.780000000000000000e+02
1.000000000000000000e+02 5.060000000000000000e+02
1.700000000000000000e+02 5.280000000000000000e+02
3.480000000000000000e+02 5.740000000000000000e+02
8.040000000000000000e+02 3.760000000000000000e+02
8.720000000000000000e+02 5.380000000000000000e+02
8.820000000000000000e+02 3.520000000000000000e+02
3.000000000000000000e+01 5.160000000000000000e+02
1.200000000000000000e+02 5.140000000000000000e+02
1.380000000000000000e+02 7.540000000000000000e+02
1.420000000000000000e+02 1.880000000000000000e+02
1.880000000000000000e+02 1.420000000000000000e+02
5.460000000000000000e+02 3.200000000000000000e+01
6.740000000000000000e+02 7.300000000000000000e+02
9.680000000000000000e+02 3.560000000000000000e+02
9.880000000000000000e+02 5.640000000000000000e+02
3.740000000000000000e+02 1.600000000000000000e+02
3.980000000000000000e+02 5.800000000000000000e+02
7.200000000000000000e+02 5.680000000000000000e+02
7.840000000000000000e+02 7.560000000000000000e+02
7.860000000000000000e+02 1.800000000000000000e+02
7.980000000000000000e+02 2.480000000000000000e+02
8.000000000000000000e+02 3.980000000000000000e+02
8.760000000000000000e+02 4.380000000000000000e+02
8.860000000000000000e+02 8.300000000000000000e+02
9.240000000000000000e+02 7.540000000000000000e+02
9.940000000000000000e+02 4.800000000000000000e+02
2.000000000000000000e+01 5.380000000000000000e+02
7.000000000000000000e+01 3.260000000000000000e+02
2.360000000000000000e+02 1.060000000000000000e+02
4.920000000000000000e+02 5.880000000000000000e+02
6.900000000000000000e+02 5.820000000000000000e+02
8.240000000000000000e+02 5.540000000000000000e+02
7.700000000000000000e+02 1.380000000000000000e+02
8.480000000000000000e+02 2.220000000000000000e+02
8.620000000000000000e+02 1.860000000000000000e+02
8.760000000000000000e+02 4.600000000000000000e+02
9.140000000000000000e+02 2.300000000000000000e+02
2.360000000000000000e+02 4.780000000000000000e+02
2.360000000000000000e+02 1.460000000000000000e+02
5.100000000000000000e+02 2.800000000000000000e+02
7.700000000000000000e+02 7.120000000000000000e+02
7.920000000000000000e+02 3.040000000000000000e+02
8.700000000000000000e+02 3.960000000000000000e+02
9.240000000000000000e+02 3.880000000000000000e+02
1.260000000000000000e+02 4.940000000000000000e+02
2.220000000000000000e+02 7.580000000000000000e+02
1.220000000000000000e+02 8.100000000000000000e+02
6.080000000000000000e+02 5.840000000000000000e+02
9.060000000000000000e+02 8.060000000000000000e+02
1.380000000000000000e+02 2.120000000000000000e+02
1.760000000000000000e+02 3.360000000000000000e+02
1.040000000000000000e+02 7.720000000000000000e+02
1.480000000000000000e+02 6.880000000000000000e+02
7.720000000000000000e+02 5.540000000000000000e+02
8.980000000000000000e+02 3.780000000000000000e+02
3.000000000000000000e+01 4.020000000000000000e+02
7.900000000000000000e+02 9.000000000000000000e+02
5.580000000000000000e+02 7.140000000000000000e+02
4.460000000000000000e+02 7.400000000000000000e+02
6.860000000000000000e+02 4.020000000000000000e+02
1.060000000000000000e+02 7.020000000000000000e+02
1.700000000000000000e+02 7.460000000000000000e+02
2.660000000000000000e+02 4.440000000000000000e+02
8.700000000000000000e+02 3.180000000000000000e+02
2.560000000000000000e+02 7.440000000000000000e+02
8.540000000000000000e+02 5.540000000000000000e+02
1.600000000000000000e+02 3.540000000000000000e+02
3.120000000000000000e+02 2.080000000000000000e+02
7.140000000000000000e+02 9.240000000000000000e+02
1.060000000000000000e+02 4.860000000000000000e+02
1.140000000000000000e+02 3.560000000000000000e+02
4.500000000000000000e+02 3.720000000000000000e+02
2.380000000000000000e+02 3.720000000000000000e+02
